68509696
68509696
68509696
68509696
68509696
68509696
68509696
68509696
68509696
68509696
68509696
68509696
68689920
68689920
68689920
68689920
68689920
68689920
68689920
68689920
68689920
68689920
68689920
68689920
68689920
68689920
68689920
68689920
68689920
68689920
68689920
68689920
68689920
68689920
68689920
68689920
68689920
68689920
68689920
68689920
68689920
68689920
68689920
68689920
68689920
68689920
68689920
68689920
68689920
68689920
68689920
69185536
PRIMARY TIMEOUT!!
[(53, 1682449160.172229)]
empty
replay done
recovery time0.00125789642334
