0
0
0
0
0
0
0
0
0
0
0
0
0
0
0
0
0
0
266240
266240
266240
266240
266240
266240
266240
266240
266240
266240
266240
266240
266240
266240
266240
266240
266240
266240
266240
266240
266240
266240
266240
266240
266240
266240
266240
266240
266240
266240
266240
266240
266240
266240
266240
266240
266240
266240
266240
266240
266240
266240
266240
266240
266240
266240
266240
266240
266240
266240
266240
266240
266240
266240
266240
266240
266240
266240
266240
266240
266240
266240
266240
266240
266240
266240
266240
266240
266240
266240
266240
266240
266240
266240
528384
528384
528384
528384
528384
528384
528384
528384
528384
528384
528384
528384
528384
528384
528384
528384
528384
528384
528384
528384
528384
528384
528384
528384
528384
528384
528384
528384
528384
528384
528384
528384
798720
798720
798720
798720
798720
798720
798720
798720
798720
798720
798720
798720
798720
798720
798720
798720
798720
798720
798720
798720
798720
798720
798720
798720
798720
798720
798720
798720
798720
798720
798720
798720
798720
798720
798720
798720
1064960
1064960
1064960
1064960
1064960
1064960
1064960
1064960
1064960
1064960
1064960
1064960
1064960
1064960
1064960
1064960
1064960
1064960
1064960
1064960
1064960
1064960
1064960
1064960
1064960
1064960
1064960
1064960
1064960
1064960
1064960
1064960
1064960
1064960
1064960
1064960
1064960
1064960
1064960
1064960
1064960
1064960
1335296
1335296
1335296
1335296
1335296
1335296
1335296
1335296
1335296
1335296
1335296
1335296
1335296
1335296
1335296
1335296
1335296
1335296
1335296
1335296
1335296
1335296
1335296
1335296
1335296
1335296
1335296
1335296
1335296
1335296
1335296
1335296
1335296
1335296
1335296
1335296
1335296
1335296
1335296
1335296
1335296
1335296
1335296
1335296
1335296
1335296
1335296
1335296
1335296
1335296
1335296
1335296
1335296
1335296
1335296
1335296
1335296
1335296
1335296
1335296
1335296
1335296
1335296
1335296
1335296
1335296
1335296
1335296
1335296
1335296
1335296
1335296
1335296
1335296
1335296
1335296
1335296
1335296
1335296
1335296
1335296
1335296
1335296
1335296
1335296
1335296
1335296
1335296
1335296
1335296
1335296
1335296
1335296
1335296
1335296
1335296
1335296
1335296
1335296
1335296
1335296
1335296
1335296
1335296
1335296
1335296
1335296
1335296
1605632
1871872
1871872
1871872
1871872
1871872
1871872
1871872
1871872
1871872
1871872
1871872
1871872
1871872
1871872
1871872
1871872
1871872
1871872
1871872
1871872
1871872
1871872
1871872
1871872
1871872
1871872
1871872
1871872
1871872
1871872
1871872
1871872
1871872
1871872
1871872
1871872
1871872
1871872
1871872
1871872
1871872
1871872
1871872
1871872
1871872
1871872
1871872
1871872
1871872
1871872
1871872
1871872
1871872
1871872
1871872
1871872
1871872
1871872
1871872
1871872
1871872
1871872
1871872
1871872
1871872
1871872
1871872
1871872
1871872
1871872
1871872
1871872
1871872
1871872
1871872
1871872
1871872
1871872
1871872
1871872
1871872
1871872
1871872
1871872
1871872
1871872
1871872
1871872
1871872
1871872
1871872
1871872
1871872
1871872
1871872
1871872
1871872
1871872
1871872
1871872
2138112
2138112
2138112
2138112
2138112
2138112
2138112
2138112
2138112
2408448
2408448
2408448
2408448
2408448
2408448
2408448
2408448
2408448
2408448
2408448
2408448
2408448
2408448
2408448
2408448
2408448
2408448
2408448
2408448
2408448
2408448
2408448
2408448
2408448
2408448
2408448
2408448
2408448
2408448
2408448
2408448
2408448
2408448
2408448
2408448
2408448
2408448
2408448
2408448
2408448
2408448
2408448
2408448
2408448
2408448
2408448
2408448
2408448
2408448
2408448
2408448
2408448
2408448
2408448
2408448
2408448
2408448
2408448
2408448
2408448
2408448
2408448
2408448
2408448
2408448
2408448
2408448
2408448
2408448
2408448
2408448
2408448
2408448
2408448
2408448
2408448
2408448
2408448
total time: 28.0842840672
2408448
