0.102285146713
0.0553658008575
0.0677011013031
0.0714159011841
0.0559010505676
0.0639019012451
0.0529611110687
0.0549559593201
0.0658929347992
0.0796821117401
0.0491101741791
0.067095041275
0.0581350326538
0.0668330192566
0.0624420642853
0.065052986145
0.063188791275
0.0620210170746
0.064101934433
0.077507019043
0.0512659549713
0.0713667869568
0.0558619499207
0.0557579994202
0.0633928775787
0.0598609447479
0.0558681488037
0.0518939495087
0.0527398586273
0.0552799701691
0.0470159053802
0.0514569282532
0.049957036972
0.0596268177032
0.0582389831543
0.0539031028748
0.0541970729828
0.05011510849
0.0510249137878
0.0629961490631
0.0507071018219
0.0582251548767
0.0541460514069
0.0652220249176
0.0511848926544
0.0628380775452
0.061940908432
0.0469698905945
0.0676548480988
0.0535449981689
0.0673439502716
0.0540881156921
0.0519270896912
0.0661129951477
0.0590200424194
0.0541908740997
0.0592660903931
0.0710070133209
0.0629608631134
0.0622110366821
0.0556609630585
0.0629990100861
0.069916009903
0.0628890991211
0.0516340732574
0.0477821826935
0.0678610801697
0.0518789291382
0.0589110851288
0.0617761611938
0.0637359619141
0.0556540489197
0.0523700714111
0.0563848018646
0.0658690929413
0.0469720363617
0.0474240779877
0.0549619197845
0.0508661270142
0.055065870285
0.0623550415039
0.0552909374237
0.0518269538879
0.0551290512085
0.0827491283417
0.055223941803
0.0583589076996
0.0465500354767
0.051726102829
0.0532629489899
0.0661602020264
0.0560009479523
0.0588171482086
0.0469701290131
0.0582978725433
0.0554950237274
0.0512249469757
0.067036151886
0.0654609203339
0.0555481910706
0.0472440719604
0.055468082428
0.074166059494
0.0439479351044
0.0582158565521
0.047178030014
0.0541090965271
0.0699298381805
0.0515279769897
0.0521168708801
0.0677149295807
0.0545091629028
0.0630218982697
0.0555598735809
0.0509679317474
0.0541698932648
0.0580129623413
0.0631749629974
0.0561809539795
0.0698709487915
0.0619969367981
0.0553469657898
0.0669500827789
0.0631368160248
0.0737071037292
0.0554618835449
0.0666148662567
0.0637700557709
0.0595090389252
0.063679933548
0.0558907985687
0.0635769367218
0.0632209777832
0.0607860088348
0.0544900894165
0.0558369159698
0.0634679794312
0.066526889801
0.0557870864868
0.059091091156
0.0665998458862
0.0622541904449
0.055655002594
0.0482971668243
0.0641238689423
0.0468490123749
0.055135011673
0.0552520751953
0.0745890140533
0.054230928421
0.0644769668579
0.0595769882202
0.0664730072021
0.0591700077057
0.0622820854187
0.0478069782257
0.0559380054474
0.062383890152
0.0627450942993
0.0550630092621
0.0591850280762
0.0540368556976
0.0582599639893
0.0758559703827
0.0581741333008
0.0518958568573
0.0517041683197
0.0551118850708
0.0619909763336
0.066694021225
0.0669040679932
0.0624589920044
0.0635991096497
0.0505380630493
0.0495519638062
0.0523788928986
0.0585350990295
0.0614869594574
0.0489568710327
0.055083990097
0.075642824173
0.0550580024719
0.0624878406525
0.0551698207855
0.0468938350677
0.0549778938293
0.0546519756317
0.0581829547882
0.055104970932
0.0617308616638
0.047297000885
0.0545580387115
0.0461089611053
0.0554001331329
0.0489041805267
0.0630459785461
0.0461931228638
0.0550401210785
0.0582540035248
0.0699861049652
0.0514938831329
0.0606989860535
0.0504570007324
0.0716059207916
0.0552790164948
0.0474689006805
0.0599210262299
0.0561990737915
0.0639338493347
0.102813005447
0.0335631370544
0.0679399967194
0.0793609619141
0.0632109642029
0.0606019496918
0.0626840591431
0.0630788803101
0.0636119842529
0.0634100437164
0.0551369190216
0.0592770576477
0.0624361038208
0.0463829040527
0.0561480522156
0.0647759437561
0.0635240077972
0.0511739253998
0.0542559623718
0.0545411109924
0.0469489097595
0.0655360221863
0.0690538883209
0.046334028244
0.0562801361084
0.0639498233795
0.063157081604
0.0668280124664
0.0674140453339
0.0601949691772
0.066642999649
0.0477089881897
0.055321931839
0.05095911026
0.0462861061096
0.0582718849182
0.0550770759583
0.0545451641083
0.0461070537567
0.0581300258636
0.0471930503845
0.0558428764343
0.0619249343872
0.0471119880676
0.076229095459
0.0617570877075
0.0545890331268
0.0502319335938
0.054370880127
0.0623400211334
0.0592849254608
0.058089017868
0.0627119541168
0.0547780990601
0.0536959171295
0.0478041172028
0.072662115097
0.0577352046967
0.0465030670166
0.0489029884338
0.063688993454
0.0622808933258
0.0633060932159
0.0587079524994
0.0631861686707
0.0699889659882
0.0631918907166
0.0630469322205
0.0590708255768
0.0582370758057
0.0709979534149
0.0711770057678
0.0559561252594
0.0628809928894
0.0556080341339
0.0568110942841
0.0461671352386
0.0638048648834
0.0632400512695
0.0631730556488
0.0557110309601
0.0675888061523
0.0642328262329
0.0629980564117
0.0516920089722
0.0519869327545
0.0519309043884
0.0623650550842
0.0390639305115
0.0550720691681
0.0700700283051
0.0478620529175
0.0594770908356
0.0637428760529
0.0715539455414
0.0596461296082
0.0636599063873
0.0679252147675
0.0597288608551
0.055860042572
0.0648040771484
0.051600933075
0.054151058197
0.0671758651733
0.0554528236389
0.0546448230743
0.0665800571442
0.0697331428528
0.0475089550018
0.0524289608002
0.0537462234497
0.055979013443
0.0717558860779
0.0670258998871
0.0562942028046
0.0659630298615
0.0626440048218
0.0550570487976
0.0620279312134
0.0596089363098
0.0492389202118
0.0666928291321
0.0654599666595
0.0633690357208
0.0473690032959
0.0518009662628
0.0640840530396
0.0698220729828
0.0638930797577
0.0511720180511
0.0590558052063
0.0539650917053
0.0519390106201
0.0753180980682
0.0435900688171
0.0509347915649
0.0565121173859
0.0741691589355
0.0599739551544
0.0550820827484
0.0635080337524
0.0515778064728
0.0475571155548
0.0438039302826
0.0546019077301
0.0525050163269
0.0604629516602
0.0427749156952
0.0670521259308
0.0525228977203
0.044242143631
0.0492129325867
0.0621819496155
0.0540490150452
0.0472700595856
0.0499091148376
0.0546979904175
0.0488889217377
0.0560128688812
0.0462000370026
0.0522799491882
0.0695869922638
0.0550811290741
0.063581943512
0.0568001270294
0.0582129955292
0.0598759651184
0.0669479370117
0.0559098720551
0.0680592060089
0.0578789710999
0.0661590099335
0.0582118034363
0.0702941417694
0.0589911937714
0.0591468811035
0.0700960159302
0.0642240047455
0.0523338317871
0.0557808876038
0.0605959892273
0.0550210475922
0.046816110611
0.0662350654602
0.0550940036774
0.0541839599609
0.0541439056396
0.0666480064392
0.0579822063446
0.0591759681702
0.0621390342712
0.0709710121155
0.208713054657
0.0424129962921
0.0571219921112
0.0506129264832
0.071897983551
0.0636610984802
0.0635709762573
0.0635960102081
0.0637040138245
0.0596520900726
0.0637700557709
0.0557310581207
0.0507919788361
0.0680029392242
0.0590858459473
0.0518801212311
0.0671210289001
0.0477910041809
0.0569970607758
0.0580978393555
0.0549650192261
0.0542559623718
0.0541181564331
0.0541961193085
0.0630869865417
0.0621190071106
0.0658087730408
0.0514891147614
0.0637722015381
0.0715680122375
0.0517539978027
0.0559041500092
0.0614879131317
0.0586099624634
0.0541710853577
0.0509951114655
0.0540220737457
0.054988861084
0.0541870594025
0.0503470897675
0.0583100318909
0.0620789527893
0.0581660270691
0.070708990097
0.0632500648499
0.0622451305389
0.0660319328308
0.0643830299377
0.0541250705719
0.051717042923
0.0598251819611
0.0518360137939
0.0549669265747
0.0580580234528
0.0542731285095
0.0620138645172
0.0622110366821
0.059014081955
0.0541760921478
0.0701348781586
0.0716881752014
0.0618720054626
0.0541248321533
0.0698630809784
0.0700199604034
0.0589258670807
0.0550918579102
0.0700149536133
0.0516548156738
0.0602369308472
0.0661149024963
0.058219909668
0.0510890483856
0.0661571025848
0.0501930713654
0.0470700263977
0.0631721019745
0.063059091568
0.0738048553467
0.0473749637604
0.0593960285187
0.0518000125885
0.067852973938
0.0555281639099
0.0517408847809
0.0564630031586
0.0552430152893
0.0501358509064
0.0511801242828
0.0550708770752
0.0557038784027
0.058217048645
0.0610129833221
0.0538489818573
0.0540997982025
0.0539679527283
0.0541641712189
0.0590660572052
total time: 29.9517650604
0.0510032176971
