0
0
0
0
0
0
0
0
0
0
0
0
0
0
0
0
0
266240
266240
266240
266240
266240
266240
266240
266240
266240
266240
266240
266240
266240
266240
266240
266240
266240
266240
266240
266240
266240
266240
266240
266240
266240
266240
266240
266240
266240
266240
266240
266240
266240
266240
266240
266240
266240
266240
266240
266240
266240
266240
266240
266240
266240
266240
266240
266240
266240
266240
266240
266240
266240
266240
266240
266240
266240
266240
266240
266240
266240
266240
266240
266240
266240
266240
266240
266240
266240
266240
266240
266240
266240
266240
266240
266240
274432
274432
274432
274432
274432
274432
274432
274432
274432
274432
274432
274432
274432
274432
274432
274432
274432
274432
274432
274432
536576
536576
536576
536576
536576
536576
536576
536576
536576
536576
536576
536576
806912
806912
806912
806912
806912
806912
806912
806912
806912
806912
806912
806912
806912
1073152
1073152
1073152
1073152
1073152
1073152
1073152
1073152
1073152
1073152
1073152
1073152
1073152
1073152
1073152
1073152
1073152
1073152
1073152
1073152
1073152
1073152
1073152
1073152
1073152
1073152
1073152
1073152
1073152
1073152
1073152
1073152
1073152
1073152
1073152
1073152
1073152
1073152
1073152
1073152
1073152
1073152
1073152
1073152
1073152
1073152
1073152
1073152
1073152
1073152
1073152
1073152
1073152
1073152
1073152
1073152
1073152
1073152
1073152
1073152
1073152
1073152
1073152
1073152
1073152
1073152
1073152
1073152
1073152
1073152
1073152
1073152
1073152
1073152
1073152
1073152
1073152
1073152
1073152
1073152
1073152
1073152
1073152
1073152
1073152
1073152
1073152
1073152
1343488
1343488
1343488
1343488
1343488
1343488
1343488
1343488
1343488
1343488
1343488
1343488
1343488
1343488
1343488
1343488
1343488
1343488
1343488
1343488
1343488
1343488
1343488
1343488
1343488
1343488
1343488
1343488
1343488
1343488
1343488
1343488
1396736
1396736
1396736
1396736
1396736
1396736
1396736
1396736
1396736
1396736
1396736
1396736
1396736
1396736
1396736
1396736
1396736
1396736
1396736
1396736
1396736
1396736
1396736
1396736
1396736
1396736
1396736
1396736
1396736
1396736
1396736
1396736
1396736
1396736
1396736
1396736
1396736
1396736
1396736
1396736
1396736
1396736
1396736
1396736
1396736
1396736
1396736
1396736
1396736
1396736
1396736
1396736
1667072
1667072
1667072
1667072
1667072
1667072
1667072
1667072
1667072
1667072
1667072
1667072
1667072
1667072
1667072
1667072
1667072
1667072
1667072
1667072
1667072
1667072
1667072
1667072
1667072
1667072
1667072
1667072
1667072
1667072
1667072
1667072
1667072
1667072
1667072
1667072
1667072
1667072
1667072
1667072
1667072
1667072
1667072
1667072
1667072
1667072
1667072
1667072
1667072
1667072
1667072
1667072
1667072
1667072
1667072
1667072
1667072
1667072
1933312
1933312
1933312
1933312
1933312
1933312
1933312
1933312
1933312
1933312
1933312
1933312
1933312
1933312
1933312
1933312
1933312
1933312
1933312
1933312
1933312
1933312
1933312
1933312
1933312
1933312
1933312
1933312
1933312
1933312
1933312
1933312
1933312
1933312
1933312
1933312
1933312
1933312
1933312
1933312
1933312
1933312
1933312
1933312
1933312
1933312
2203648
2203648
2203648
2203648
2203648
2203648
2203648
2203648
2203648
2203648
2203648
2203648
2203648
2203648
2203648
2203648
2203648
2203648
2203648
2203648
2203648
2203648
2203648
2203648
2203648
2203648
2203648
2203648
2203648
2203648
2203648
2203648
2203648
2203648
2203648
2203648
2203648
2203648
2203648
2203648
2203648
2203648
2203648
2203648
2473984
2473984
2473984
2473984
2473984
2473984
2473984
2473984
2473984
2473984
2473984
2473984
2473984
2473984
2473984
2473984
2473984
2473984
2473984
2473984
2473984
2473984
2473984
2473984
2473984
2473984
2473984
2473984
2473984
2473984
2473984
2473984
2473984
2473984
2473984
2473984
2473984
2473984
2473984
2473984
2473984
total time: 27.1442320347
2473984
